94
109
125
211
240
241
250
251
256
259
273
287
297
307
308
727
745
752
756
994
1000
1006
1009
1010
1011
1013
1022
1024
1033
1035
1037
1040
1043
1045
1055
1056
1057
1119
1120
1122
1133
1140
1142
1231
1233
1239
1241
1302
1329
1331
1332
1334
1336
1339
1345
1350
1352
1356
1359
1363
1365
1402
1404
1411
1412
1449
1450
1451
1452
1453
1458
1462
1463
1473
1477
1478
1481
1484
1659
1662
1663
1666
1729
1736
1737
1738
1739
1740
1741
1742
1749
1752
1754
1755
1854
1855
1862
1863
1869
1886
1887
1888
1889
1891
1892
1893
1894
1895
1896
1897
1904
1907
1908
1923
1924
1925
1926
1927
1933
1992
2029
2062
2064
2065
2068
2069
2073
2074
2075
2076
2078
2124
2125
2126
2127
2131
2133
2134
2137
2138
2140
2141
2142
2143
2167
2168
2187
2188
2189
2190
2194
2206
2207
2243
2244
2247
2248
2253
2259
2267
2297
2298
2299
2304
2305
2322
2326
2327
2328
2333
2334
2335
2336
2346
2347
2348
2379
2385
2391
2392
2505
2506
2507
2566
2570
2574
2575
2576
2578
2579
2582
2583
2585
2589
2591
2649
2650
2659
2662
2677
2699
2700
2703
2708
2709
2711
2728
2734
2735
2738
2740
2766
2768
2777
2780
2820
2821
2822
2825
2826
2830
2831
2854
2855
2856
2861
2863
2864
2873
2882
2883
2886
2887
2888
2955
2960
2961
2963
2964
2968
2986
2987
2989
3015
3031
3058
3059
3063
3064
3098
3103
3104
3130
3147
3170
3171
3173
3174
3177
3180
3183
3184
3185
3187
3204
3206
3225
3226
3229
3230
3256
3313
3322
3323
3325
3354
3355
3356
3358
3360
3362
3366
3367
3368
3384
3388
3427
3430
3434
3437
3438
3458
3460
3461
3462
3465
3466
3467
3468
3469
3470
3471
3472
3473
3478
3511
3512
3513
3518
3525
3530
3538
3557
3559
3560
3562
3563
3565
3575
3576
3577
3578
3579
3580
3581
3582
3583
3600
3605
3606
3610
3614
3615
3624
3628
3629
3630
3631
3634
3635
3636
3638
3639
3642
3643
3644
3646
3647
3648
3649
3650
3664
3669
3697
3698
3699
3704
3705
3712
3716
3723
3804
3805
3813
3818
3829
3830
3835
3836
3838
3840
3841
3842
3893
3894
3900
3903
3905
3909
3910
3911
3918
3919
3925
3926
3927
3957
3958
3959
3964
3965
3967
3970
3971
3972
3983
3992
3996
3997
4002
4003
4007
4010
4011
4014
4015
4023
4031
4033
4072
4073
4076
4100
4107
4114
4115
4116
4119
4121
4123
4127
4128
4134
4135
4136
4143
4144
4145
4152
4153
4157
4158
4160
4162
4164
4184
4187
4188
4191
4192
4198
4203
4204
4207
4208
4222
4223
4224
4225
4233
4240
4247
4248
4249
4252
4253
4263
4264
4266
4267
4268
4269
4270
4271
4272
4273
4274
4275
4281
4282
4283
4284
4288
4291
4294
4322
4326
4329
4330
4331
4334
4335
4336
4338
4344
4380
4381
4382
4388
4389
4392
4448
4458
4469
4470
4473
4474
4475
4476
4477
4503
4504
4508
4510
4512
4516
4517
4518
4520
4540
4549
4550
4552
4555
4557
4560
4561
4562
4569
4570
4571
4576
4588
4599
4600
4623
4628
4629
4632
4633
4646
4649
4663
4670
4671
4674
4678
4679
4682
4797
4800
4822
4828
4829
4832
4836
4843
4844
4849
4851
4858
4868
4874
4879
4880
4884
4887
4894
4895
4899
4900
4905
4927
4930
4933
4948
5036
5037
5038
5042
5043
5044
5045
5046
5047
5052
5060
5061
5064
5065
5066
5069
5070
5071
5072
5079
5080
5087
5112
5115
5116
5125
5137
5138
5140
5181
5182
5183
5194
5224
5225
5237
5301
5308
5312
5313
5314
5317
5318
5322
5323
5326
5327
5330
5360
5362
5374
5375
5376
5377
5378
5381
5382
5384
5385
5387
5390
5391
5392
5395
5396
5398
5401
5402
5403
5404
5405
5408
5409
5410
5414
5415
5416
5421
5598
5636
5640
5641
5655
5656
5657
5711
5714
5794
5803
5814
5815
5817
5824
5848
5849
5867
5921
5925
5933
5934
5935
5959
5960
5972
5973
5976
5982
5999
6003
6004
6005
6073
6074
6075
6103
6104
6105
6118
6121
6122
6123
6160
6161
6162
6166
6168
6169
6174
6176
6177
6182
6207
6212
6282
6354
6361
6366
6371
6372
6413
6426
6469
6475
6481
6485
6505
6509
6514
6519
6572
6573
6574
6581
6585
6591
6597
6605
6708
6709
6727
6728
6749
6751
6752
6753
6781
6782
6793
6794
6850
6895
7178
7183
7185
7210
7220
7243
7264
7265
7674
7675
7698
7699
7708
7709
7712
7713
7717
7718
7727
7729
7741
7754
7757
7759
7760
7761
7765
7767
7770
7772
7773
7777
7778
7780
7781
7784
7787
7791
7807
7808
7812
7814
7824
7845
7865
7880
7881
7885
7907
7908
7912
7913
7917
7923
7932
7937
7941
7942
8038
8039
8049
8054
8055
8056
8060
8061
8062
8066
8067
8083
8095
8096
8097
8100
8101
8102
8103
8105
8108
8109
8110
8111
8112
8115
8116
8117
8142
8149
8150
8151
8155
8156
8157
8158
8162
